4294967294,0
4294967279,394
4294967278,323
4294967278,322
4294967279,393
4294967278,321
4294967278,320
4294967279,392
4294967294,6
4294967278,203
4294967294,5
4294967278,202
4294967279,391
4294967278,319
4294967294,50
4294967294,1242
4294967294,92
4294967294,88
4294967279,390
4294967278,318
4294967279,389
4294967278,317
4294967279,388
4294967278,316
4294967278,260
4294967294,1249
4294967279,387
4294967279,260
4294967279,0
4294967294,81
4294967294,1163
4294967294,127
4294967294,126
4294967294,20
4294967294,13
4294967278,132
4294967278,131
4294967278,130
4294967278,129
4294967278,128
4294967278,127
4294967278,126
4294967278,125
4294967278,124
4294967278,123
4294967278,122
4294967278,121
4294967278,120
4294967278,119
4294967278,118
4294967278,117
4294967278,116
4294967278,115
4294967278,114
4294967278,113
4294967278,112
4294967278,111
4294967278,110
4294967278,109
4294967278,108
4294967278,107
4294967278,106
4294967278,105
4294967278,104
4294967278,103
4294967278,102
4294967278,101
4294967278,100
4294967278,99
4294967278,98
4294967278,97
4294967278,96
4294967278,95
4294967278,94
4294967278,93
4294967278,92
4294967278,91
4294967278,90
4294967278,89
4294967278,87
4294967278,86
4294967278,85
4294967278,84
4294967278,83
4294967278,82
4294967278,81
4294967278,80
4294967278,79
4294967278,77
4294967278,76
4294967278,75
4294967278,74
4294967278,73
4294967278,72
4294967278,71
4294967278,70
4294967278,69
4294967278,68
4294967278,67
4294967278,66
4294967278,65
4294967278,64
4294967278,63
4294967278,62
4294967278,61
4294967278,60
4294967278,59
4294967278,58
4294967278,57
4294967278,56
4294967278,55
4294967278,54
4294967278,53
4294967278,52
4294967278,51
4294967278,50
4294967278,49
4294967278,48
4294967278,47
4294967278,46
4294967278,45
4294967278,44
4294967278,43
4294967278,42
4294967278,41
4294967278,40
4294967278,39
4294967278,38
4294967279,31
4294967279,25
4294967279,23
4294967279,134
4294967279,22
4294967279,20
4294967279,19
4294967279,18
4294967279,14
4294967279,10
4294967279,9
4294967279,8
4294967279,7
4294967279,6
4294967279,5
4294967279,4
4294967278,197
4294967278,196
4294967294,93
4294967294,95
4294967294,30
4294967294,1060
4294967294,60
4294967294,1237
4294967294,1236
4294967294,1234
4294967294,1233
4294967294,1228
4294967294,1217
4294967294,1062
4294967294,1059
4294967294,1058
4294967294,1057
4294967294,17
4294967294,39
4294967294,42
4294967294,76
4294967294,438
4294967294,51
4294967294,52
4294967294,25
4294967294,26
4294967278,195
4294967278,194
4294967278,193
4294967294,83
0,5
4294967279,386
4294967294,7
4294967278,315
4294967278,0
4294967278,78
4294967294,67
4294967294,11
4294967294,18
4294967294,14
4294967294,12
4294967294,68
4294967294,1427
4294967279,385
4294967278,314
4294967279,384
4294967278,313
4294967279,319
4294967294,1428
4294967278,312
4294967279,318
4294967278,311
4294967279,317
15,5
15,4
15,3
15,2
15,1
4294967279,316
4294967278,310
13,4
13,3
13,2
13,1
4294967294,1241
4294967279,315
4294967278,309
4294967279,314
4294967279,313
12,6
4294967279,312
4294967278,308
4294967278,307
12,5
12,4
12,3
12,2
12,1
4294967279,311
4294967294,475
4294967278,306
4294967279,310
4294967279,309
11,5
11,4
11,3
11,2
11,1
4294967278,305
4294967279,308
4294967278,304
4294967294,1087
4294967278,303
10,5
4294967278,302
10,4
10,3
10,2
10,1
4294967279,307
4294967294,474
4294967278,301
4294967279,306
4294967279,305
9,5
4294967278,300
9,4
9,3
9,2
9,1
4294967278,299
4294967278,298
4294967278,297
4294967279,304
8,4
8,3
8,2
8,1
4294967278,296
4294967279,303
4294967279,302
4294967279,301
4294967279,300
4294967294,473
4294967278,295
4294967293,131
4294967293,130
4294967293,129
4294967293,128
4294967293,127
4294967293,126
4294967293,125
4294967293,124
4294967293,123
4294967293,122
4294967293,121
4294967293,120
4294967293,119
4294967293,118
4294967293,117
4294967293,116
4294967293,115
4294967293,114
4294967293,113
4294967293,112
4294967293,111
4294967293,110
4294967293,109
4294967293,108
4294967293,107
4294967293,106
